00100001000000000000000000000000
00100001001000000000000000000000
00100001010000000000011111010000
00100011000000000000000000000100
10101101000110000000000000000000
00001000000000000000000000001101
00100001000010000000000000000001
10101111001110000000000000000000
00010101000010100000000000000001
00001000000000000111111110010100
10001111001110000000000000000000
00110001011010000000000000000001
00010101011000001111111111110111
00000001000110011100100000100000
00001000000000000111111110010100
00100000010000000000000000100000